					LA19	LA21	DF21	ADD23.1	ADD23.2	HABLA	Partial	HAD	SceneFake	CtrSVDD	AVG		
w2v
	FFN
		4			0.39	21.48	14.67	55.95	71.7	9.99	4.88	33.99	9.84	17.98	24.09
		6			0.18	14.29	7.66	49.77	63.7	9.9	3.98	25.16	5.62	14.97	19.52
		8			0.12	8.59	6.21	44.37	56.59	9.87	2.72	25.07	2.65	16.25	17.24
		10			0.15	5.94	4.7	45.11	59.74	10.01	2.81	20.01	2.72	14.69	16.59
		12			0.15	5.41	4.67	45.84	55.79	9.94	3.15	20.65	2.38	15.61	16.36
		24			0.16	3.95	4.78	46.85	61.76	10.05	2.72	17.12	1.96	13.06	16.24
	AASIST
		4			0.46	9.77	17.51	62.08	70.54	10.01	6.24	41.24	5.95	20.02	24.38
		6			0.51	9.77	13.13	53.35	65.46	10.06	5.98	37.66	2.38	15.64	21.39
		8			1.38	13.66	10.61	45.26	60.6	10.0	3.64	33.72	2.94	14.84	19.66
		10			0.71	5.27	10.76	48.62	60.92	10.13	4.61	29.34	3.24	12.73	18.63
		12			0.27	8.62	10.38	42.29	57.34	10.05	3.18	28.82	4.04	14.37	17.94
		24			0.46	9.39	6.03	46.23	58.98	10.06	1.63	26.46	2.92	13.74	17.59
hub
	FFN
		4			1.26	14.16	16.1	58.14	70.19	10.06	5.49	27.04	4.69	21.85	22.9
		6			0.57	7.42	13.59	53.78	68.35	10.01	4.04	26.91	4.86	20.08	20.96
		8			0.35	8.84	9.33	54.36	70.11	10.05	3.63	19.4	4.39	15.99	19.65
		10			0.18	9.04	7.73	53.0	69.18	10.06	3.47	13.47	4.28	13.69	18.41
		12			0.34	4.08	8.47	52.33	68.14	9.91	3.33	13.6	3.66	14.11	17.8
		24			0.35	5.9	6.74	53.64	65.82	9.88	2.46	8.82	2.59	16.45	17.26
	AASIST
		4			1.14	10.01	20.28	57.06	67.18	10.08	17.24	32.72	2.32	16.18	23.42
		6			0.52	15.23	14.57	52.94	68.22	10.07	10.61	28.7	1.5	16.02	21.84
		8			0.34	10.05	12.07	52.9	68.16	10.16	11.34	22.95	2.23	14.48	20.47
		10			0.5	6.67	18.43	58.38	70.58	10.21	4.18	27.25	3.4	12.84	21.24
		12			0.46	9.55	15.53	48.98	64.38	10.26	7.95	26.39	3.45	13.82	20.08
		24			0.53	8.83	9.6	52.3	66.69	10.11	4.11	41.51	1.77	14.92	21.04
wavlm
	FFN
		4			0.55	12.83	12.79	52.53	64.38	9.92	3.94	38.12	9.64	17.36	22.21
		6			0.23	11.81	8.97	54.4	64.96	9.84	3.62	27.79	4.18	14.68	20.05
		8			0.2	10.82	6.25	49.55	63.08	9.88	3.29	21.9	3.63	12.77	18.14
		10			0.24	9.21	5.59	48.77	60.65	9.84	2.85	16.69	4.55	12.4	17.08
		12			0.23	7.25	4.79	50.9	65.03	9.99	2.42	16.41	3.19	11.34	17.15
		24			0.32	4.24	5.7	53.05	61.16	9.95	2.31	11.26	3.0	10.97	16.2
	AASIST
		4			0.61	12.72	16.94	50.38	61.92	10.07	7.45	35.77	4.04	18.7	21.86
		6			0.54	10.01	15.63	44.89	61.08	10.11	7.21	27.6	7.25	13.55	19.79
		8			0.35	5.63	11.86	43.1	54.96	10.18	3.41	23.14	6.52	12.06	17.12
		10			0.2	6.06	9.99	41.95	55.29	10.11	1.97	23.49	2.12	10.8	16.2
		12			0.22	4.4	10.11	45.49	57.25	10.02	2.35	20.41	2.46	10.79	16.35
		24			0.36	5.92	7.79	48.09	60.44	10.04	1.8	20.67	2.7	10.84	16.87
