					LA19	LA21	DF21	ADD23.1	ADD23.2	HABLA	Partial	HAD	SceneFake	CtrSVDD	AVG		
w2v
	FFN
		2			0.79	6.05	14.39	55.21	65.89	9.71	3.2	23.34	12.93	19.72	21.12
		4			0.45	7.37	11.97	56.57	70.06	9.72	2.96	23.49	11.82	15.82	21.02
		6			0.56	3.92	10.81	63.34	74.34	9.83	2.94	15.8	10.47	18.3	21.03
		12			0.55	5.23	11.84	63.03	74.32	10.03	2.38	17.06	8.89	18.11	21.14
	AASIST
		2			0.36	4.67	14.28	60.19	63.46	9.94	3.26	43.91	11.67	17.3	22.9
		4			0.59	5.77	12.03	53.33	60.32	10.02	1.93	42.6	7.75	15.22	20.96
		6			0.73	6.99	12.81	55.62	61.96	10.09	2.84	30.4	7.58	14.41	20.34
		12			0.61	4.51	17.22	62.39	70.41	10.21	2.14	34.36	8.09	18.12	22.81
hub
	FFN
		2			3.11	26.15	18.41	57.6	63.27	9.83	3.26	31.22	11.02	19.51	24.34
		4			2.32	41.17	15.08	57.94	64.91	9.94	2.56	21.04	8.34	13.69	23.7
		6			0.77	23.04	9.77	54.78	62.6	10.03	2.12	23.71	5.83	12.01	20.47
		12			1.69	29.75	14.16	59.83	65.56	10.18	2.22	17.54	2.42	13.45	21.68
	AASIST
		2			0.9	21.99	17.7	64.54	67.65	10.06	3.44	31.27	8.87	18.14	24.46
		4			0.27	26.99	13.97	50.84	51.19	10.15	2.8	38.42	7.22	16.53	21.84
		6			0.28	27.32	12.08	47.46	55.75	10.05	1.84	28.95	2.75	15.14	20.16
		12			0.52	31.86	14.72	55.7	60.62	10.1	2.65	26.72	2.67	16.43	22.2
wavlm
	FFN
		2			1.43	10.97	14.06	56.9	63.47	10.08	3.09	27.43	12.49	18.42	21.83
		4			0.91	7.07	9.85	60.01	65.03	9.92	2.41	18.55	5.95	16.39	19.61
		6			0.64	8.19	8.45	60.47	68.63	9.81	2.23	12.77	3.43	16.18	19.08
		12			0.64	7.19	10.46	61.98	70.09	9.89	2.15	19.5	3.9	15.86	20.17
	AASIST
		2			0.69	5.31	15.78	56.09	60.89	10.1	2.74	24.47	8.35	17.29	20.17
		4			0.41	3.6	13.51	55.98	65.05	10.14	1.67	28.1	3.87	14.75	19.71
		6			0.41	2.67	11.98	64.83	74.03	10.05	2.31	18.45	6.93	13.84	20.55
		12			0.71	3.54	10.59	61.95	68.17	10.04	1.83	31.41	7.42	14.95	21.06
