					LA19	LA21	DF21	ADD23.1	ADD23.2	HABLA	Partial	HAD	SceneFake	CtrSVDD	AVG		
w2v
	FFN
		4			0.34	17.44	14.33	56.01	70.0	9.94	4.08	35.68	9.03	17.7	23.46
		6			0.19	12.39	7.59	52.75	65.79	9.87	3.74	26.74	3.05	12.62	19.47
		8			0.16	8.73	5.56	46.39	61.67	9.91	2.83	18.61	3.37	14.62	17.19
		10			0.18	4.76	5.6	47.7	59.57	9.96	2.96	18.31	1.89	12.84	16.38
		12			0.35	7.61	4.0	43.79	60.75	9.99	2.65	16.81	4.48	13.37	16.38
		24			0.23	5.74	3.21	43.04	54.59	10.0	2.54	15.89	4.23	13.1	15.26
	AASIST
		4			0.83	18.74	20.57	62.05	71.39	10.06	9.75	47.76	7.53	18.83	26.75
		6			0.68	12.31	12.22	54.19	68.16	9.99	6.45	26.55	6.68	14.6	21.18
		8			0.44	8.19	9.54	46.05	61.32	10.09	3.92	24.04	6.57	15.04	18.52
		10			1.24	14.2	10.95	47.28	61.39	9.9	3.05	23.7	3.76	15.96	19.14
		12			0.14	7.39	9.29	46.69	62.31	10.07	2.99	19.44	2.24	15.1	17.57
		24			1.02	11.29	9.6	50.87	60.81	10.1	2.13	27.47	5.54	14.45	19.33
hub
	FFN
		4			1.89	12.52	17.25	57.84	69.5	10.0	7.64	26.33	6.0	20.64	22.96
		6			0.37	7.22	12.54	55.81	70.12	9.97	6.46	25.38	6.05	17.42	21.13
		8			0.29	8.62	8.81	52.99	67.6	9.99	3.68	18.15	4.76	16.31	19.12
		10			0.22	10.04	7.46	55.99	71.59	9.9	4.22	14.83	4.26	16.26	19.48
		12			0.27	5.72	7.54	50.89	66.6	10.0	3.53	13.68	3.44	16.67	17.83
		24			0.37	8.89	5.78	60.3	71.26	10.07	2.8	8.89	3.17	16.69	18.82
	AASIST
		4			0.82	6.71	19.43	54.9	69.1	10.05	11.68	44.66	6.36	19.08	24.28
		6			0.49	4.85	14.27	60.32	69.16	10.13	8.7	53.71	3.66	16.72	24.2
		8			0.41	5.97	12.27	56.8	71.18	10.13	5.26	47.03	3.99	19.25	23.23
		10			0.27	6.4	12.07	53.5	68.43	10.12	5.11	38.74	2.65	13.97	21.13
		12			0.81	5.32	12.68	48.85	65.01	10.14	11.87	51.55	7.56	14.56	22.84
		24			0.46	9.36	8.57	51.51	69.64	10.13	2.9	53.66	5.29	17.25	22.88
wavlm
	FFN
		4			0.31	13.89	11.4	51.01	63.72	9.88	4.1	39.77	8.35	15.97	21.84
		6			0.18	9.02	9.22	54.27	66.36	9.88	3.58	29.96	5.04	14.34	20.19
		8			0.14	7.94	5.95	48.78	63.97	9.93	3.05	21.4	3.87	10.83	17.59
		10			0.24	7.3	5.72	49.5	64.67	9.94	2.83	16.38	3.13	12.31	17.2
		12			0.22	4.65	4.6	49.6	61.57	9.96	2.68	14.94	2.65	13.02	16.39
		24			0.28	5.56	4.82	52.8	63.41	9.94	2.28	13.76	2.21	12.53	16.76
	AASIST
		4			0.99	15.02	17.34	55.54	65.26	10.07	5.15	38.4	9.44	16.07	23.33
		6			0.24	11.35	12.66	52.35	62.05	10.07	5.18	31.5	5.53	12.59	20.35
		8			0.22	6.18	11.92	50.3	63.3	10.01	4.57	39.78	3.89	10.59	20.08
		10			0.19	12.16	10.44	50.8	65.1	9.95	2.24	37.85	5.37	10.75	20.48
		12			0.26	5.49	10.51	45.76	55.6	10.03	2.59	14.77	4.92	10.71	16.06
		24			0.7	7.47	9.9	48.71	62.91	10.12	2.93	26.32	4.75	11.93	18.57
