					LA19	LA21	DF21	ADD23.1	ADD23.2	HABLA	Partial	HAD	SceneFake	CtrSVDD	AVG		
w2v
	FFN
		2			0.54	6.18	14.69	58.57	65.34	9.91	3.52	21.16	12.73	18.66	21.13
		4			0.77	8.62	12.35	63.19	73.91	9.98	2.37	22.12	10.41	17.92	22.16
		6			0.35	5.91	16.74	64.14	75.12	9.88	2.58	20.56	9.25	17.63	22.22
		12			0.73	6.1	17.82	63.51	72.95	9.97	3.02	18.61	9.05	17.47	21.92
	AASIST
		2			0.92	5.45	15.99	62.06	70.62	10.05	3.1	30.46	14.98	16.07	22.97
		4			0.38	7.48	9.81	56.66	66.16	9.99	1.67	36.19	12.3	24.52	22.52
		6			1.0	7.46	11.47	60.11	69.63	10.09	1.77	44.91	16.07	20.86	24.34
		12			1.28	5.35	17.13	56.62	60.61	9.98	2.0	24.5	12.03	16.73	20.62
hub
	FFN
		2			4.75	30.1	18.66	56.06	61.28	10.01	3.37	32.0	12.82	17.95	24.7
		4			4.08	27.44	15.04	56.01	62.64	9.89	3.21	23.82	8.4	14.79	22.53
		6			3.95	33.75	15.83	59.42	64.02	10.05	2.05	22.08	2.18	13.21	22.65
		12			5.55	35.47	15.54	61.4	66.6	10.11	2.08	19.99	1.95	15.23	23.39
	AASIST
		2			0.46	23.07	18.66	65.48	75.31	10.12	2.71	26.42	5.49	17.86	24.56
		4			0.33	17.99	11.61	52.45	56.01	10.11	1.48	30.93	3.49	16.18	20.06
		6			0.2	27.36	10.44	56.78	59.78	10.0	1.48	30.9	2.48	14.76	21.42
		12			0.6	39.2	17.72	60.37	71.22	10.02	1.33	24.16	2.46	12.13	23.92
wavlm
	FFN
		2			0.64	12.45	13.24	54.17	63.28	10.03	3.14	26.92	11.18	17.14	21.22
		4			0.45	5.99	8.67	57.39	66.96	10.01	2.61	22.22	4.36	17.32	19.6
		6			0.34	6.9	8.97	59.63	66.17	9.93	2.99	19.94	3.08	17.14	19.51
		12			0.71	6.72	11.29	64.8	71.1	9.9	2.39	15.72	4.88	17.5	20.5
	AASIST
		2			0.79	6.4	14.36	57.61	64.66	9.96	3.67	35.15	8.15	17.91	21.87
		4			0.38	7.82	9.62	63.43	71.48	9.94	2.07	26.61	5.37	14.89	21.16
		6			0.33	6.74	11.04	62.54	72.77	9.99	1.48	35.87	2.78	13.64	21.72
		12			1.54	6.67	14.67	64.35	67.81	10.18	1.77	28.78	6.79	18.72	22.13
