					LA19	LA21	DF21	ADD23.1	ADD23.2	HABLA	Partial	HAD	SceneFake	CtrSVDD	AVG		
w2v
	FFN
		4			0.38	20.38	14.34	54.82	66.64	9.83	4.34	35.91	8.4	17.27	23.23
		6			0.18	13.38	7.98	50.73	67.04	9.91	3.71	22.77	3.38	14.99	19.41
		8			0.16	12.14	5.77	46.71	63.99	9.94	3.2	22.07	3.02	13.31	18.03
		10			0.18	8.58	5.51	47.52	63.63	10.01	2.95	20.59	3.58	13.3	17.59
		12			0.14	4.85	3.93	45.87	56.74	9.94	2.94	17.79	4.08	13.94	16.02
		24			0.23	4.19	4.42	48.98	63.37	9.97	2.19	17.47	2.7	13.38	16.69
	AASIST
		4			0.77	11.73	18.24	61.16	68.92	10.09	8.35	42.2	5.73	19.05	24.62
		6			0.42	6.74	11.84	50.94	64.67	10.07	4.92	35.61	3.4	14.89	20.35
		8			0.87	11.29	9.25	48.37	61.41	10.05	3.13	33.99	3.63	13.22	19.52
		10			0.46	6.49	9.83	43.81	55.52	10.13	3.33	28.22	2.23	13.66	17.37
		12			0.21	7.84	8.48	48.52	60.49	10.0	2.81	25.97	4.47	13.11	18.19
		24			0.72	10.04	8.72	51.98	64.14	10.17	1.85	25.59	4.29	11.82	18.93
hub
	FFN
		4			0.82	12.82	14.55	57.57	69.91	9.92	4.83	27.78	4.72	21.32	22.42
		6			0.34	11.82	10.94	55.43	67.07	10.12	4.64	22.49	3.76	22.15	20.88
		8			0.34	6.55	9.83	48.97	66.35	10.06	3.4	19.51	3.41	17.56	18.6
		10			0.3	5.81	8.29	53.83	68.75	10.03	3.02	14.22	2.72	17.98	18.49
		12			0.3	5.05	8.86	52.65	69.21	10.05	3.11	13.49	2.71	16.74	18.22
		24			0.41	6.11	6.19	55.69	67.5	10.03	2.62	11.98	3.75	17.39	18.17
	AASIST
		4			0.72	8.26	19.17	50.56	68.05	10.06	9.63	42.0	2.16	16.48	22.71
		6			0.3	10.33	12.81	51.88	65.69	10.13	6.05	42.04	3.72	14.78	21.77
		8			0.39	8.11	13.83	51.01	64.76	10.03	7.29	42.11	3.71	14.7	21.59
		10			0.94	7.23	13.63	51.81	67.16	10.11	6.99	42.65	4.43	14.41	21.94
		12			0.3	8.51	10.72	47.66	65.9	10.01	7.45	51.84	3.55	13.63	21.96
		24			0.72	6.33	9.7	49.83	65.64	10.11	3.59	35.13	4.82	14.37	20.02
wavlm
	FFN
		4			0.46	10.48	12.61	56.37	67.14	10.07	4.24	36.86	8.7	18.33	22.53
		6			0.17	10.18	7.88	49.64	66.13	9.96	3.7	31.0	4.91	15.0	19.86
		8			0.22	9.96	6.07	49.79	64.46	9.9	3.05	21.41	3.89	12.96	18.17
		10			0.18	5.25	4.4	47.57	62.91	9.89	2.75	15.52	4.38	12.75	16.56
		12			0.16	5.2	4.02	47.57	60.7	9.93	2.61	15.42	4.17	13.76	16.35
		24			0.23	4.64	4.85	50.48	66.97	9.95	2.39	14.57	3.69	12.52	17.03
	AASIST
		4			0.49	9.03	16.66	53.94	63.41	10.05	7.02	30.75	0.9	16.78	20.9
		6			1.14	10.38	16.91	48.37	61.27	9.95	6.74	29.1	3.36	14.59	20.18
		8			0.38	8.3	14.0	42.64	58.46	10.05	4.6	25.42	2.01	10.86	17.67
		10			0.29	5.29	11.49	43.46	56.78	10.09	3.3	20.52	5.92	10.0	16.71
		12			0.34	6.35	10.24	47.56	58.07	10.13	2.48	15.98	1.94	11.62	16.47
		24			0.36	6.56	7.68	39.52	56.16	10.12	2.38	21.02	3.46	10.71	15.8
