					LA19	LA21	DF21	ADD23.1	ADD23.2	HABLA	Partial	HAD	SceneFake	CtrSVDD	AVG		
w2v
	FFN
		2			0.57	6.7	16.18	61.14	70.18	9.78	2.68	22.91	13.51	19.64	22.33
		4			0.52	5.24	11.97	60.46	65.23	9.91	2.58	26.93	11.38	17.56	21.18
		6			0.53	6.76	14.52	62.41	71.85	9.89	2.22	22.3	10.25	17.27	21.8
		12			0.75	7.67	17.09	66.76	75.04	9.82	2.68	17.21	9.83	17.9	22.48
	AASIST
		2			0.6	5.15	14.75	65.51	66.48	9.89	2.54	37.92	10.78	14.4	22.8
		4			0.69	3.83	14.68	58.37	62.6	10.06	1.85	30.43	9.57	21.53	21.36
		6			1.02	4.99	13.23	57.61	65.26	10.1	1.73	28.63	8.95	15.14	20.67
		12			1.18	5.38	13.05	56.75	63.71	10.14	2.6	31.86	8.51	15.17	20.83
hub
	FFN
		2			2.37	25.13	16.86	58.15	65.11	9.9	3.44	30.74	12.96	20.08	24.47
		4			1.25	21.84	11.57	57.61	63.17	9.82	2.8	22.42	6.17	14.92	21.16
		6			0.83	18.3	11.41	58.19	61.58	9.88	2.18	19.44	4.2	12.6	19.86
		12			1.53	23.97	9.86	62.12	66.38	10.12	2.12	19.48	2.94	16.61	21.51
	AASIST
		2			0.28	18.72	16.73	62.98	67.06	10.05	2.85	27.82	11.0	17.77	23.53
		4			0.19	19.54	11.69	60.11	69.37	10.17	2.26	23.74	6.66	14.96	21.87
		6			0.31	21.09	12.77	63.32	64.54	10.11	2.2	32.75	6.18	14.6	22.79
		12			0.59	48.56	14.01	59.59	66.32	10.17	1.92	18.76	2.92	14.19	23.7
wavlm
	FFN
		2			0.88	11.68	12.6	58.3	65.67	9.81	3.62	22.61	10.2	18.71	21.41
		4			0.45	7.28	9.69	56.36	63.27	9.88	1.96	15.24	4.17	18.27	18.66
		6			0.35	5.68	10.74	59.33	68.1	9.85	2.39	15.26	3.24	15.39	19.03
		12			0.53	5.93	11.28	66.8	75.36	9.89	1.73	20.24	4.21	16.18	21.21
	AASIST
		2			0.56	4.8	15.18	59.36	63.95	10.02	3.71	38.23	9.61	17.98	22.34
		4			0.32	4.85	11.46	54.89	62.62	10.05	2.42	24.67	3.69	14.51	18.95
		6			0.43	4.23	10.98	55.85	64.81	9.98	2.09	34.84	3.84	13.67	20.07
		12			0.64	2.83	11.84	54.46	62.36	10.02	2.03	28.76	4.71	22.53	20.02
