				LA19	LA21	DF21	ADD23.1	ADD23.2	HABLA	Partial	HAD	SceneFake	CtrSVDD	AVG		
ASV19	w2v	FFN	[0.2496662391238661, 0.6161396452862965, 1.0, 0.9962512189814908, 0.5608887311052362, 0.36644587722180605, 0.19459580467754156, 0.0, 0.004669238677236809, 0.1909887426453684, 0.23114025312530592, 0.2983752859706352]
ASV19	w2v	AASIST	[0.681353162307001, 0.8746582617114584, 1.0, 0.8444796303238973, 0.42714996724478066, 0.2101272718307464, 0.0, 0.004070987120455416, 0.168820997360538, 0.30215339147612896, 0.06932366147774945, 0.06531007099703433]
ASV19	hub	FFN	[0.7636549361826066, 1.0, 0.9190690150644047, 0.8631825500194068, 0.7527034366751861, 0.34596178404114053, 0.24280203740942374, 0.5877421800305057, 0.668088093979506, 0.2644192371945902, 0.0, 0.1343904271790226]
ASV19	hub	AASIST	[1.0, 0.9872967382939826, 0.9511738274945496, 0.9053058618820923, 0.6791768041043036, 0.0, 0.17084876952554004, 0.12168542277715659, 0.07006836133740948, 0.08355046593080649, 0.3942512426161164, 0.4942709992499248]
ASV19	wavlm	FFN	[0.8182510647660826, 0.9592731609805316, 1.0, 0.8313079220325098, 0.7129948817044612, 0.32905890415250666, 0.2408678595311824, 0.0725773083015923, 0.07870032096931047, 0.07086035836351372, 0.0, 0.05033063836269266]
ASV19	wavlm	AASIST	[0.9595271144394633, 1.0, 0.8719586829631559, 0.7578642248739675, 0.6382397582655256, 0.34561320125006234, 0.12888050903207024, 0.07284162392296321, 0.01612479070463176, 0.0, 0.13700221479133193, 0.12781989151758]
ADD22	w2v	FFN	[0.7739, 1.0, 0.8821, 0.8611, 0.7183, 0.1369, 0.4078, 0.7690, 0.7459, 0.1645, 0.0, 0.2715]
ADD22	w2v	AASIST	[1.0, 0.9394592515362321, 0.6834828923207293, 0.5514196023238207, 0.17712579531715753, 0.010016067950694955, 0.0, 0.029349371202622737, 0.14512822039045695, 0.05653472130217939, 0.6139295627891737, 0.36283751176855]
ADD22	hub	FFN	[0.7636549361826066, 1.0, 0.9190690150644047, 0.8631825500194068, 0.7527034366751861, 0.34596178404114053, 0.24280203740942374, 0.5877421800305057, 0.668088093979506, 0.2644192371945902, 0.0, 0.1343904271790226]
ADD22	hub	AASIST	[0.9093623852470247, 0.9774551888364724, 1.0, 0.8883142124957404, 0.7086041491810408, 0.45277048908130957, 0.14210466821168158, 0.08288321003163904, 0.0, 0.24307403608743214, 0.17383696351133918, 0.1915401111102376]
ADD22	wavlm	FFN	[0.7993233831731553, 0.9594072559889257, 0.9600508051458342, 1.0, 0.5513777098496496, 0.36745961381301284, 0.0886063330986325, 0.0, 0.06988035085854898, 0.249841546884457, 0.20741756241939963, 0.09838290191893567]
ADD22	wavlm	AASIST	[1.0, 0.9994380786848768, 0.9239103366685293, 0.7940243536218208, 0.5041116358342085, 0.32383564371250123, 0.10491571705012952, 0.03917796968593453, 0.0, 0.06035826531831536, 0.09549993680634115, 0.21707194316978518]
spanish	w2v	FFN	[0.8630929104005343, 0.867556041548659, 1.0, 0.7871399603394988, 0.611676264629247, 0.14371020626002273, 0.03985839568222285, 0.05287769822970201, 0.0, 0.20387267391282618, 0.1281206196199476, 0.10653994039060517]
spanish	w2v	AASIST	[0.8692565450183773, 0.9618104353394044, 1.0, 0.7678542331463485, 0.5373628334329326, 0.11930049762696117, 0.0, 0.03410320343900871, 0.13238716694401975, 0.1966955881029911, 0.11417545760721894, 0.1140550339935353]
spanish	hub	FFN	[0.38435547376117196, 0.39127223358172886, 0.5257637468950558, 0.9350454358006832, 1.0, 0.8629301532056879, 0.6521609254043237, 0.2568765823362416, 0.21483935906562077, 0.10431558861164593, 0.0, 0.08842607988396828]
spanish	hub	AASIST	[0.6178351427586162, 0.5756693548411955, 0.7029251271127804, 1.0, 0.885072911687781, 0.6003159367793622, 0.3621342127297372, 0.19608619909132707, 0.1374996802727192, 0.0003642579723034509, 0.0, 0.0016037212249302012]
spanish	wavlm	FFN	[0.8394115301745894, 0.958556326858614, 1.0, 0.9270954945088684, 0.712862359456579, 0.4773248657507718, 0.3257515323285074, 0.0, 0.06348551852639536, 0.0940398348682204, 0.12522220208789397, 0.23125340083968007]
spanish	wavlm	AASIST	[1.0, 0.8612958714785433, 0.8195725641421705, 0.6743248570973777, 0.5340734188787499, 0.20573923518243156, 0.061104355173179574, 0.028400918989137387, 0.019787163599205758, 0.0, 0.013162660480151703, 0.00040250165424045086]
Part_ASV19	w2v	FFN	[0.16584442412908618, 0.7017127397624351, 0.8697096589884638, 0.8891804454812018, 0.8892481423313037, 1.0, 0.8675963070422783, 0.7874052279554336, 0.6669834047223091, 0.41938586287435703, 0.25105509228281436, 0.0]
Part_ASV19	w2v	AASIST	[0.6105232856943067, 0.8908506585007933, 1.0, 0.7036111509127836, 0.7415454812994584, 0.6760357419970753, 0.47497299444616503, 0.5183997411127633, 0.36987269852192306, 0.34869318001443145, 0.12510499776490963, 0.0]
Part_ASV19	hub	FFN	[0.3646449764799982, 0.2239783309895148, 0.1274421962396874, 0.5541285760075771, 0.7799509675109222, 1.0, 0.9904764929930889, 0.8055317195156811, 0.915729957464749, 0.6441422923988086, 0.0, 0.3602492629244502]
Part_ASV19	hub	AASIST	[0.9977321027921539, 0.7327304109145232, 0.6837831370577128, 0.8062855618082166, 1.0, 0.7503314887824198, 0.8742410705658945, 0.41257803091757345, 0.409651473208101, 0.35675552553255135, 0.05258100763544659, 0.0]
Part_ASV19	wavlm	FFN	[0.6550169349600065, 0.7698752816307165, 0.9424441921846786, 1.0, 0.6834824447057087, 0.4182578798523492, 0.287696333661069, 0.0, 0.15220704685074002, 0.21176664880974908, 0.21763445394076858, 0.06412027725440361]
Part_ASV19	wavlm	AASIST	[1.0, 0.973746450415233, 0.9539876385640224, 0.9280572520199564, 0.6872696095587912, 0.39664815773833784, 0.22595421906886734, 0.0, 0.07743292230971664, 0.107802603740807, 0.1183259375063237, 0.01302110227675556]
had	w2v	FFN	[1.0, 0.9637348896671466, 0.9461093621636995, 0.7784001162598857, 0.4143720780800451, 0.24721582111814877, 0.0855765096610229, 0.0, 0.02633861619241468, 0.1524240750301267, 0.389691874963033, 0.5370453272693979]
had	w2v	AASIST	[1.0, 0.9911438973700347, 0.845952416797884, 0.47199442803623104, 0.2695684594038171, 0.16837814922134656, 0.07482451295623763, 0.0, 0.058045782365608894, 0.1649583506812655, 0.21742218816591238, 0.2950301155180521]
had	hub	FFN	[0.721538930383304, 0.7752909639858581, 0.9050252544158338, 1.0, 0.7420227949877, 0.4709369032578336, 0.3235292125822568, 0.292009825286475, 0.3042814925314714, 0.2235145187650607, 0.23344698001671932, 0.0]
had	hub	AASIST	[0.8720960892797374, 0.8996164091129532, 0.9902527070097026, 1.0, 0.5530668361429969, 0.2640602058447873, 0.14797642482457674, 0.17924575762410422, 0.06913941216503945, 0.05657371912534877, 0.31465261955090995, 0.0]
had	wavlm	FFN	[1.0, 0.9636690844198703, 0.9935076439774108, 0.9283111246302759, 0.4379386144126409, 0.009445732014325537, 0.0, 0.09620821296324361, 0.24833351901079528, 0.28347124559951037, 0.3046129261021666, 0.3821422219858431]
had	wavlm	AASIST	[1.0, 0.9817239335623121, 0.9215249157279655, 0.7526817025852873, 0.4280964976829927, 0.17588317748319252, 0.031255556614490705, 0.0, 0.024982194364135225, 0.05601680050151233, 0.1943670714984506, 0.2668556485037883]
sceneFake	w2v	FFN	[0.40532641229578825, 0.710106911405245, 1.0, 0.6792412592222157, 0.4298567844259586, 0.011041955235759144, 0.06494017489552853, 0.0, 0.23980300349997227, 0.5389324356457592, 0.7510701270432638, 0.44206918833844894]
sceneFake	w2v	AASIST	[0.8458661328630358, 1.0, 0.9235545142665874, 0.6241878696987047, 0.3725584598649606, 0.08750474694747015, 0.027253915024811642, 0.0, 0.21792576095981536, 0.3079899976184798, 0.147546713181388, 0.1999707137478022]
sceneFake	hub	FFN	[0.5049618680019929, 0.49983121559926774, 0.6028194493719318, 1.0, 0.9669039974489329, 0.7855968513903139, 0.5029118689731497, 0.26478129696736397, 0.313962342270178, 0.0014741897549708143, 0.0, 0.023857976224633475]
sceneFake	hub	AASIST	[1.0, 0.8946513366570162, 0.9767082873322988, 0.7908467703090135, 0.701583129089495, 0.4495524877645933, 0.18274121088140735, 0.016840336119251835, 0.14681042658958654, 0.0, 0.19333550731094312, 0.25628120475748445]
sceneFake	wavlm	FFN	[0.6988861865798259, 0.8360609446423317, 0.85984809777213, 1.0, 0.384592350813259, 0.014388280124553312, 0.10626518408212225, 0.24781359530001956, 0.24002798268013834, 0.32558872097739117, 0.12198903530441486, 0.0]
sceneFake	wavlm	AASIST	[0.920800570850233, 0.9973200411053611, 1.0, 0.883219022358591, 0.4458947706288254, 0.059535468039376434, 0.011146075016415432, 0.032366586624537515, 0.0, 0.09064922133647664, 0.16043945803741652, 0.041001817988857506]
music	w2v	FFN	[0.763189312978531, 1.0, 0.8951966589989069, 0.6853918872318655, 0.38703351834316374, 0.21711119234095677, 0.0, 0.009340682661255522, 0.09370447554297799, 0.14364599701213598, 0.07115515647049422, 0.14498398023144024]
music	w2v	AASIST	[0.981442004195144, 1.0, 0.8341183294834819, 0.5235240244861648, 0.36327348783856395, 0.16561878121914855, 0.024633415092953834, 0.0, 0.08494354536589453, 0.16992221133820737, 0.08178998785317199, 0.05324083403001277]
music	hub	FFN	[0.734845492891612, 0.9105559143584993, 1.0, 0.8413569093877615, 0.7382954944286151, 0.4121156150956615, 0.2203479975375114, 0.18813241552618049, 0.06763801199567722, 0.012031890242117092, 0.0, 0.011598610476352087]
music	hub	AASIST	[0.9388943906571607, 0.9791722013475151, 1.0, 0.8169918973638763, 0.5985222641251922, 0.382580915391089, 0.16585319139408852, 0.08954664331992698, 0.0, 0.020661216552162853, 0.08313793673292258, 0.014086201142245057]
music	wavlm	FFN	[0.9865219359922086, 1.0, 0.9080928299016741, 0.7645261656060713, 0.4652422384123355, 0.23232946120300513, 0.09552282650922801, 0.0, 0.03802415339326654, 0.17986344037776533, 0.11228612544389066, 0.1328445521150806]
music	wavlm	AASIST	[1.0, 0.8741542468561159, 0.7398575500240229, 0.559454590795131, 0.35227946538754334, 0.20760175530097152, 0.09342097649124903, 0.033899867321382754, 0.0235590025900509, 0.0, 0.06949147654393205, 0.09541434124095872]
